{
	"bloom_bias": 1.0,
	"bloom_intensity": 0.4300000071525574,
	"bloom_threshold": 1.2200000286102295,
	"exposure": 1.0,
	"gamma": 2.200000047683716,
	"max_distance": 100.0,
	"motion_blur": 1.0,
	"sample_count": 3,
	"taa_weight": 0.10000000149011612,
	"z_thickness": 0.10000000149011612
}